0.414656934	2.891082678
0.411458012	2.887830345
0.411645485	2.888029313
0.446136186	2.932340723
0.446358387	2.932610054
0.400757126	2.874437925
0.40084753	2.874524342
0.413077625	2.887345598
0.412072396	2.886192093
0.437041382	2.924109597
0.405636372	2.878866616
0.405465302	2.878512602
0.398698683	2.874169763
0.399007225	2.874520426
0.390842816	2.863022857
0.390842816	2.863022857
0.43328276	2.919901123
0.43328276	2.919901123
0.40247019	2.886355162
0.40247019	2.886355162
0.426761273	2.9066792
0.426761273	2.9066792
0.419082029	2.900892388
0.419082029	2.900892388
-0.19032796	3.026341821
-0.19032796	3.026341821
-0.207782699	3.049740747
-0.207782699	3.049740747
0.390624484	2.868727821
0.390624484	2.868727821
0.270635317	2.777935134
0.270663835	2.777982253
-0.16215152	2.985922981
-0.16215152	2.985922981
0.38298157	2.867204453
0.383957842	2.86814848
-0.181265517	3.008341555
-0.181265517	3.008341555
-0.107079566	2.916046575
-0.107043819	2.916116955
0.445722495	2.935187233
0.445722495	2.935187233
-0.026397017	2.840673451
-0.026397017	2.840673451
-0.164239325	2.988441254
-0.164239325	2.988441254
0.417768061	2.899796929
0.417768061	2.899796929
-0.204578194	3.045491098
-0.204578194	3.045491098
0.464410051	2.960690138
0.464410051	2.960690138
-0.179286235	3.01162943
-0.179286235	3.01162943
-0.170500755	2.996842195
-0.170500755	2.996842195
0.376111801	2.860698882
0.376240923	2.860764922
0.475627006	2.976895577
0.475627006	2.976895577
-0.197985587	3.036738188
-0.197985587	3.036738188
-0.124569328	2.940562028
-0.124569328	2.940562028
0.34629801	2.82694135
0.419351527	2.905483595
0.418479978	2.904457432
0.417994008	2.899459084
0.417994008	2.899459084
0.450459663	2.946829157
0.416852916	2.898123427
0.417173092	2.898594182
0.308606718	2.798769323
0.308606718	2.798769323
0.424468501	2.910187796
0.424468501	2.910187796
0.408384324	2.891374924
0.408384324	2.891374924
0.422122314	2.908247255
0.422122314	2.908247255
0.287579546	2.784985084
0.287579546	2.784985084
-0.0978313	2.908119836
-0.0978313	2.908119836
0.316785544	2.807853631
0.316785544	2.807853631
0.349176626	2.832969459
0.349176626	2.832969459
0.29589567	2.794608696
0.29589567	2.794608696
-0.012630433	2.830445884
-0.012630433	2.830445884
0.309336074	2.807010811
0.309336097	2.807010856
0.359435156	2.842428836
0.359435156	2.842428836
-0.244423344	3.112488704
-0.244423344	3.112488704
-0.131008299	2.944406225
-0.131008299	2.944406225
0.445442869	2.946608144
0.445442869	2.946608144
-0.024929068	2.83542007
-0.024929068	2.83542007
-0.248949829	3.110072976
-0.248949775	3.110072985
0.309619902	2.799221701
0.309619902	2.799221701
0.334140179	2.828164244
0.334140179	2.828164244
0.38238606	2.859551923
0.38238606	2.859551923
0.276948193	2.77726589
0.276948193	2.77726589
-0.299985651	3.194555161
-0.299985651	3.194555161
-0.070815328	2.878950357
-0.070815328	2.878950357
0.257057647	2.772303539
0.256733809	2.772180223
0.156817823	2.75763016
0.276533221	2.78027558
0.276419288	2.78035042
0.174505246	2.756549123
0.174505246	2.756549123
0.181196773	2.750735699
0.181196773	2.750735699
-0.194222277	3.029469098
-0.194222277	3.029469098
-0.149635134	2.967835829
-0.149635134	2.967835829
-0.177124325	3.010580343
-0.176979564	3.010406656
0.29575254	2.792452942
0.29575254	2.792452942
-0.159278326	2.982937378
-0.159278326	2.982937378
-0.258683094	3.125969506
-0.258683094	3.125969506
-0.236340432	3.095937666
-0.236340432	3.095937666
0.283273281	2.786521053
0.283273281	2.786521053
-0.216358865	3.063301695
-0.216358865	3.063301695
0.275435779	2.782345396
0.275435779	2.782345396
-0.137064146	2.95304045
-0.137064146	2.95304045
-0.009265167	2.826439154
-0.009265167	2.826439154
-0.280395694	3.162258585
-0.280395694	3.162258585
0.348219572	2.828271408
0.340066225	2.822908849
0.340333771	2.823012717
0.350551204	2.832519246
0.350551204	2.832519246
-0.002734	2.820426656
-0.002734	2.820426656
0.330522603	2.821175323
0.292999697	2.786474941
0.292999697	2.786474941
0.353943521	2.834912224
0.353312157	2.834218277
0.301604699	2.795656997
0.301604699	2.795656997
0.34920793	2.819496467
0.34920793	2.819496467
0.295590021	2.792964704
0.295590021	2.792964704
-0.102696402	2.913292755
-0.102696402	2.913292755
-0.18480484	3.027207257
-0.18480484	3.027207257
0.044795388	2.787748725
0.044795388	2.787748725
-0.055666356	2.864042137
-0.055666356	2.864042137
-0.040968531	2.85037583
-0.040968531	2.85037583
-0.168667983	3.00469333
-0.168667983	3.00469333
0.375725327	2.860853116
0.375725327	2.860853116
-0.180681289	3.010338834
-0.180681241	3.010338737
-0.274350177	3.159578552
-0.274350177	3.159578552
-0.055780876	2.863581994
-0.055780876	2.863581994
0.378099571	2.866164087
0.378099635	2.866164086
-0.132525899	2.95447077
-0.132525911	2.954470746
-0.033584066	2.853763898
-0.033584066	2.853763898
-0.012020146	2.836569912
-0.01202019	2.836569999
0.351340775	2.829551
0.351340775	2.829551
-0.071779483	2.883954228
-0.071779483	2.883954228
0.288702671	2.789124192
0.288702671	2.789124192
0.359624904	2.832465983
0.359624904	2.832465983
-0.183673598	3.019887687
-0.183673598	3.019887687
-0.042766116	2.860908114
-0.042766116	2.860908114
0.200483669	2.758581132
0.201148177	2.75861177
0.276929746	2.777810491
0.276850106	2.777756532
0.246131136	2.770825095
0.246131136	2.770825095
0.194492877	2.75939865
0.194492877	2.75939865
0.271196667	2.777383011
0.261530343	2.77165262
0.262839931	2.771857326
0.270357359	2.777100619
0.091254434	2.771577519
0.268244304	2.774214685
0.268308808	2.7742209
0.280801367	2.779604275
0.280801367	2.779604275
0.055260716	2.786357119
0.055260716	2.786357119
-0.182032562	3.01866254
-0.182032562	3.01866254
0.206344151	2.754168458
0.206344151	2.754168458
-0.207763968	3.051869832
-0.207763968	3.051869832
-0.049763494	2.857857079
-0.049763494	2.857857079
-0.038028935	2.850162902
-0.038028935	2.850162902
-0.179685071	3.010757609
-0.179569021	3.010635775
-0.083672432	2.893647422
-0.083672432	2.893647422
-0.266057001	3.142870232
-0.265758413	3.142342221
-0.074365989	2.879206231
-0.074365989	2.879206231
-0.115138432	2.929433806
-0.115168377	2.929589668
-0.116342139	2.928927395
-0.116342139	2.928927395
-0.283650532	3.169033495
-0.283650532	3.169033495
0.124096727	2.760967568
0.124096727	2.760967568
0.317485871	2.800445726
0.317485871	2.800445726
-0.283938313	3.164506081
-0.283938313	3.164506081
-0.080953239	2.890737473
-0.080953239	2.890737473
-0.262507246	3.137024285
-0.262465689	3.136931211
-0.087543043	2.900123227
-0.087543043	2.900123227
-0.285424081	3.167730697
-0.285424081	3.167730697
0.312454359	2.807787493
-1.320158573	5.202470117
-1.320832507	5.20381867
-0.232590479	3.086317755
-0.232590479	3.086317755
-0.229369208	3.084684458
-0.229369208	3.084684458
-0.302467067	3.194588036
-0.302467067	3.194588036
-0.377389771	3.337445535
-0.377389771	3.337445535
0.320859105	2.803468623
0.320859105	2.803468623
-0.192407479	3.032797688
-0.192407479	3.032797688
-1.32029043	5.202672842
-1.32029043	5.202672842
-0.264366995	3.138239433
-0.264366995	3.138239433
-0.268571943	3.150214966
-0.268571943	3.150214966
-0.284579354	3.169025597
-0.284579354	3.169025597
-0.242395418	3.109488946
-0.242395418	3.109488946
-0.23699858	3.100362286
-0.23699858	3.100362286
-0.192946041	3.032273721
-0.192946041	3.032273721
-0.330363856	3.245173472
-0.330363856	3.245173472
-0.257937111	3.129943729
-0.257937111	3.129943729
0.072245485	2.773998242
0.072245485	2.773998242
-0.558415901	3.683204966
-0.558415901	3.683204966
-0.146169589	2.96588505
-0.146169589	2.96588505
-0.156305859	2.98323717
-0.156305859	2.98323717
0.019765056	2.808844895
0.019765056	2.808844895
-1.527784944	5.617521161
-0.329526503	3.242668621
-0.329526492	3.242668633
-1.305815612	5.174966538
-0.204040961	3.047714984
-0.204040961	3.047714984
-0.246798703	3.115369865
-0.246798703	3.115369865
-0.242434911	3.108200432
-0.242434904	3.108200417
-1.283499652	5.130359998
-1.283499652	5.130359998
-0.319236606	3.225246926
-0.319236606	3.225246926
-0.559280424	3.685671216
-0.559280424	3.685671216
-0.062250188	2.869794244
-0.062250188	2.869794244
-1.20848951	4.982074164
-1.20848951	4.982074164
-0.262913415	3.137765459
-0.262913415	3.137765459
-0.170232725	3.001825966
-0.170232725	3.001825966
